0.01 5870
0.02 2917
0.03 1934
0.04 1442
0.05 1147
0.060000000000000005 951
0.06999999999999999 811
0.08 705
0.09 623
0.09999999999999999 558
0.11 504
0.12 460
0.13 422
0.14 390
0.15000000000000002 362
0.16 337
0.17 315
0.18000000000000002 296
0.19 279
0.2 263
0.21000000000000002 249
0.22 236
0.23 225
0.24000000000000002 214
0.25 204
0.26 195
0.27 187
0.28 179
0.29000000000000004 171
0.3 165
0.31 158
0.32 152
0.33 147
0.34 141
0.35000000000000003 136
0.36000000000000004 132
0.37 127
0.38 123
0.39 119
0.4 115
0.41000000000000003 111
0.42000000000000004 108
0.43 105
0.44 101
0.45 98
0.46 95
0.47000000000000003 93
0.48000000000000004 90
0.49 87
0.5 85
0.51 83
0.52 80
0.53 78
0.54 76
0.55 74
0.56 72
0.5700000000000001 70
0.5800000000000001 68
0.59 66
0.6 64
0.61 63
0.62 61
0.63 59
0.64 58
0.65 56
0.66 54
0.67 53
0.68 51
0.6900000000000001 50
0.7000000000000001 48
0.7100000000000001 46
0.72 44
0.73 40
0.74 41
0.75 42
0.76 41
0.77 41
0.78 40
0.79 39
0.8 39
0.81 38
0.8200000000000001 37
0.8300000000000001 36
0.8400000000000001 36
0.85 35
0.86 34
0.87 33
0.88 32
0.89 32
0.9 31
0.91 30
0.92 29
0.93 29
0.9400000000000001 28
0.9500000000000001 27
0.9600000000000001 26
0.97 25
0.98 25
0.99 24
1.0 23
1.01 22
1.02 21
1.03 20
1.04 19
1.05 18
1.06 17
1.07 16
1.08 14
1.09 15
1.1 15
1.11 16
1.12 16
1.1300000000000001 17
1.1400000000000001 18
1.1500000000000001 18
1.1600000000000001 19
1.17 19
1.18 20
1.19 21
1.2 21
1.21 22
1.22 22
1.23 23
1.24 24
1.25 24
1.26 25
1.27 26
1.28 26
1.29 27
1.3 28
1.31 29
1.32 29
1.33 30
1.34 31
1.35 31
1.36 32
1.37 33
1.3800000000000001 34
1.3900000000000001 35
1.4000000000000001 36
1.4100000000000001 37
1.42 38
1.43 39
1.44 40
1.45 41
1.46 42
1.47 44
1.48 45
1.49 46
1.5 48
1.51 49
1.52 50
1.53 51
1.54 53
1.55 55
1.56 57
1.57 59
1.58 60
1.59 62
1.6 64
1.61 66
1.62 68
1.6300000000000001 70
1.6400000000000001 73
1.6500000000000001 76
1.6600000000000001 79
1.6700000000000002 82
1.68 85
1.69 87
1.7 92
1.71 96
1.72 99
1.73 103
1.74 108
1.75 114
1.76 119
1.77 124
1.78 132
1.79 139
1.8 146
1.81 154
1.82 165
1.83 175
1.84 187
1.85 201
1.86 215
1.87 232
1.8800000000000001 255
1.8900000000000001 279
1.9000000000000001 305
1.9100000000000001 341
1.9200000000000002 389
1.93 445
1.94 521
1.95 628
1.96 790
1.97 1060
1.98 1598
1.99 3211
